shape_id,shape_pt_lat,shape_pt_lon,shape_pt_sequence
P-3pAx0Y,51.51567,-0.07217,0
P-3pAx0Y,51.51572,-0.07222,1
P-3pAx0Y,51.51577,-0.07225,2
P-3pAx0Y,51.51585,-0.07232,3
P-3pAx0Y,51.51595,-0.0724,4
P-3pAx0Y,51.51638,-0.07274,5
P-3pAx0Y,51.51648,-0.07284,6
P-3pAx0Y,51.5167,-0.07302,7
P-3pAx0Y,51.51684,-0.07313,8
P-3pAx0Y,51.51695,-0.07322,9
P-3pAx0Y,51.51697,-0.07324,10
P-3pAx0Y,51.51698,-0.07325,11
P-3pAx0Y,51.51748,-0.07365,12
P-3pAx0Y,51.51774,-0.07386,13
P-3pAx0Y,51.51774,-0.07386,14
P-3pAx0Y,51.51789,-0.07398,15
P-3pAx0Y,51.51799,-0.07407,16
P-3pAx0Y,51.51812,-0.07418,17
P-3pAx0Y,51.51823,-0.07433,18
P-3pAx0Y,51.51835,-0.07442,19
P-3pAx0Y,51.51841,-0.07446,20
P-3pAx0Y,51.51848,-0.07449,21
P-3pAx0Y,51.51856,-0.0745,22
P-3pAx0Y,51.51865,-0.07451,23
P-3pAx0Y,51.51886,-0.07449,24
P-3pAx0Y,51.51886,-0.07449,25
P-3pAx0Y,51.51887,-0.07449,26
P-3pAx0Y,51.519,-0.07449,27
P-3pAx0Y,51.51912,-0.07449,28
P-3pAx0Y,51.51924,-0.07448,29
P-3pAx0Y,51.51932,-0.07448,30
P-3pAx0Y,51.51935,-0.07448,31
P-3pAx0Y,51.51962,-0.07448,32
P-3pAx0Y,51.51982,-0.07447,33
P-3pAx0Y,51.52011,-0.07447,34
P-3pAx0Y,51.52021,-0.07446,35
P-3pAx0Y,51.52034,-0.0745,36
P-3pAx0Y,51.52048,-0.07462,37
P-3pAx0Y,51.52069,-0.07482,38
P-3pAx0Y,51.52071,-0.07484,39
P-3pAx0Y,51.52095,-0.07509,40
P-3pAx0Y,51.52095,-0.07509,41
P-3pAx0Y,51.52097,-0.07511,42
P-3pAx0Y,51.52123,-0.0754,43
P-3pAx0Y,51.52135,-0.07554,44
P-3pAx0Y,51.52147,-0.0757,45
P-3pAx0Y,51.52168,-0.07598,46
P-3pAx0Y,51.52203,-0.07643,47
P-3pAx0Y,51.52207,-0.07648,48
P-3pAx0Y,51.52212,-0.07655,49
P-3pAx0Y,51.52216,-0.07661,50
P-3pAx0Y,51.52226,-0.07674,51
P-3pAx0Y,51.52231,-0.0768,52
P-3pAx0Y,51.52231,-0.0768,53
P-3pAx0Y,51.52237,-0.07688,54
P-3pAx0Y,51.52255,-0.07712,55
P-3pAx0Y,51.52268,-0.0773,56
P-3pAx0Y,51.52272,-0.0774,57
P-3pAx0Y,51.52273,-0.07745,58
P-3pAx0Y,51.52275,-0.0775,59
P-3pAx0Y,51.52277,-0.07756,60
P-3pAx0Y,51.5228,-0.07766,61
P-3pAx0Y,51.52282,-0.07774,62
P-3pAx0Y,51.522843,-0.077796,63
P-3pAx0Y,51.523019,-0.0777,64
P-3pAx0Y,51.523285,-0.077543,65
P-3pAx0Y,51.523632,-0.077347,66
P-3pAx0Y,51.523701,-0.077226,67
P-3pAx0Y,51.523923,-0.077223,68
P-3pAx0Y,51.524234,-0.077242,69
P-3pAx0Y,51.5243,-0.07724,70
P-3pAx0Y,51.5244,-0.07725,71
P-3pAx0Y,51.52448,-0.07727,72
P-3pAx0Y,51.52462,-0.07728,73
P-3pAx0Y,51.52469,-0.0773,74
P-3pAx0Y,51.52476,-0.07731,75
P-3pAx0Y,51.52492,-0.07735,76
P-3pAx0Y,51.52499,-0.07736,77
P-3pAx0Y,51.52522,-0.0774,78
P-3pAx0Y,51.52538,-0.07747,79
P-3pAx0Y,51.52562,-0.07764,80
P-3pAx0Y,51.52568,-0.07768,81
P-3pAx0Y,51.52569,-0.07769,82
P-3pAx0Y,51.52583,-0.07778,83
P-3pAx0Y,51.52583,-0.07778,84
P-3pAx0Y,51.52584,-0.07779,85
P-3pAx0Y,51.52601,-0.07791,86
P-3pAx0Y,51.52612,-0.07798,87
P-3pAx0Y,51.5262,-0.078,88
P-3pAx0Y,51.52628,-0.07802,89
P-3pAx0Y,51.52645,-0.07801,90
P-3pAx0Y,51.52645,-0.07801,91
P-3pAx0Y,51.52649,-0.07801,92
P-3pAx0Y,51.52663,-0.07802,93
P-3pAx0Y,51.52663,-0.07802,94
P-3pAx0Y,51.52673,-0.07802,95
P-3pAx0Y,51.52708,-0.07805,96
P-3pAx0Y,51.52718,-0.07806,97
P-3pAx0Y,51.52733,-0.07804,98
P-3pAx0Y,51.52736,-0.07804,99
P-3pAx0Y,51.52759,-0.078,100
P-3pAx0Y,51.52797,-0.07797,101
P-3pAx0Y,51.52826,-0.07794,102
P-3pAx0Y,51.52826,-0.07794,103
P-3pAx0Y,51.52829,-0.07794,104
P-3pAx0Y,51.52857,-0.07792,105
P-3pAx0Y,51.52877,-0.07786,106
P-3pAx0Y,51.52898,-0.07779,107
P-3pAx0Y,51.52904,-0.07776,108
P-3pAx0Y,51.52919,-0.07768,109
P-3pAx0Y,51.52933,-0.07761,110
P-3pAx0Y,51.52945,-0.07755,111
P-3pAx0Y,51.52949,-0.07753,112
P-3pAx0Y,51.52973,-0.07745,113
P-3pAx0Y,51.52985,-0.0774,114
P-3pAx0Y,51.53005,-0.07733,115
P-3pAx0Y,51.53015,-0.0773,116
P-3pAx0Y,51.53041,-0.07723,117
P-3pAx0Y,51.53058,-0.0772,118
P-3pAx0Y,51.53069,-0.07718,119
P-3pAx0Y,51.5308,-0.07716,120
P-3pAx0Y,51.53104,-0.07711,121
P-3pAx0Y,51.53114,-0.07709,122
P-3pAx0Y,51.53139,-0.07705,123
P-3pAx0Y,51.53178,-0.07702,124
P-3pAx0Y,51.53204,-0.07703,125
P-3pAx0Y,51.53213,-0.07704,126
P-3pAx0Y,51.53232,-0.07707,127
P-3pAx0Y,51.53232,-0.07707,128
P-3pAx0Y,51.53245,-0.07709,129
P-3pAx0Y,51.53265,-0.07712,130
P-3pAx0Y,51.53293,-0.07714,131
P-3pAx0Y,51.53311,-0.07714,132
P-3pAx0Y,51.53327,-0.07712,133
P-3pAx0Y,51.53331,-0.07712,134
P-3pAx0Y,51.53403,-0.07704,135
P-3pAx0Y,51.53403,-0.07704,136
P-3pAx0Y,51.53415,-0.07702,137
P-3pAx0Y,51.5344,-0.077,138
P-3pAx0Y,51.53452,-0.07698,139
P-3pAx0Y,51.53462,-0.07697,140
P-3pAx0Y,51.5351,-0.07693,141
P-3pAx0Y,51.53533,-0.07692,142
P-3pAx0Y,51.53562,-0.07691,143
P-3pAx0Y,51.53562,-0.07691,144
P-3pAx0Y,51.53573,-0.07691,145
P-3pAx0Y,51.53605,-0.0769,146
P-3pAx0Y,51.53626,-0.07688,147
P-3pAx0Y,51.53641,-0.07687,148
P-3pAx0Y,51.53649,-0.07687,149
P-3pAx0Y,51.53658,-0.07687,150
P-3pAx0Y,51.53666,-0.07686,151
P-3pAx0Y,51.53701,-0.07683,152
P-3pAx0Y,51.53721,-0.07681,153
P-3pAx0Y,51.53818,-0.07674,154
P-3pAx0Y,51.53822,-0.07674,155
P-3pAx0Y,51.53822,-0.07674,156
P-3pAx0Y,51.53824,-0.07674,157
P-3pAx0Y,51.53842,-0.07672,158
P-3pAx0Y,51.53844,-0.07672,159
P-3pAx0Y,51.53852,-0.07672,160
P-3pAx0Y,51.53868,-0.07671,161
P-3pAx0Y,51.53881,-0.07671,162
P-3pAx0Y,51.53899,-0.0767,163
P-3pAx0Y,51.53947,-0.0767,164
P-3pAx0Y,51.54055,-0.07655,165
P-3pAx0Y,51.54069,-0.07653,166
P-3pAx0Y,51.54072,-0.07653,167
P-3pAx0Y,51.54083,-0.07651,168
P-3pAx0Y,51.54096,-0.07648,169
P-3pAx0Y,51.541,-0.07647,170
P-3pAx0Y,51.54107,-0.07646,171
P-3pAx0Y,51.54124,-0.07644,172
P-3pAx0Y,51.54132,-0.07642,173
P-3pAx0Y,51.54144,-0.07641,174
P-3pAx0Y,51.54144,-0.07641,175
P-3pAx0Y,51.54217,-0.07631,176
P-3pAx0Y,51.54236,-0.07628,177
P-3pAx0Y,51.5425,-0.07626,178
P-3pAx0Y,51.54326,-0.07617,179
P-3pAx0Y,51.54414,-0.07605,180
P-3pAx0Y,51.54425,-0.07604,181
P-3pAx0Y,51.54435,-0.07603,182
P-3pAx0Y,51.54453,-0.07601,183
P-3pAx0Y,51.54453,-0.07601,184
P-3pAx0Y,51.54461,-0.076,185
P-3pAx0Y,51.54478,-0.07602,186
P-3pAx0Y,51.54489,-0.076,187
P-3pAx0Y,51.54504,-0.07597,188
P-3pAx0Y,51.54526,-0.07592,189
P-3pAx0Y,51.5453,-0.07591,190
P-3pAx0Y,51.54537,-0.07589,191
P-3pAx0Y,51.5456,-0.07582,192
P-3pAx0Y,51.54567,-0.0758,193
P-3pAx0Y,51.54582,-0.07572,194
P-3pAx0Y,51.54599,-0.07568,195
P-3pAx0Y,51.54617,-0.07565,196
P-3pAx0Y,51.54613,-0.07581,197
P-3pAx0Y,51.54611,-0.07594,198
P-3pAx0Y,51.54609,-0.07612,199
P-3pAx0Y,51.54608,-0.07631,200
P-3pAx0Y,51.54607,-0.07652,201
P-3pAx0Y,51.54606,-0.07674,202
P-3pAx0Y,51.54607,-0.07688,203
P-3pAx0Y,51.54609,-0.07709,204
P-3pAx0Y,51.54611,-0.07725,205
P-3pAx0Y,51.54614,-0.07765,206
P-3pAx0Y,51.54615,-0.07769,207
P-3pAx0Y,51.54616,-0.07783,208
P-3pAx0Y,51.54616,-0.07784,209
P-3pAx0Y,51.5462,-0.07816,210
P-3pAx0Y,51.54622,-0.07838,211
P-3pAx0Y,51.54624,-0.07857,212
P-3pAx0Y,51.5463,-0.07923,213
P-3pAx0Y,51.54633,-0.07959,214
P-3pAx0Y,51.54635,-0.07989,215
P-3pAx0Y,51.54637,-0.08037,216
P-3pAx0Y,51.54638,-0.08047,217
P-3pAx0Y,51.5464,-0.08071,218
P-3pAx0Y,51.54643,-0.08104,219
P-3pAx0Y,51.54644,-0.08119,220
P-3pAx0Y,51.54647,-0.0815,221
P-3pAx0Y,51.54649,-0.0818,222
P-3pAx0Y,51.54654,-0.08263,223
P-3pAx0Y,51.54654,-0.08267,224
P-3pAx0Y,51.54655,-0.08283,225
P-3pAx0Y,51.54656,-0.08303,226
P-3pAx0Y,51.54656,-0.08303,227
P-3pAx0Y,51.54657,-0.08311,228
P-3pAx0Y,51.54659,-0.08353,229
P-3pAx0Y,51.54659,-0.08358,230
P-3pAx0Y,51.54659,-0.08364,231
P-3pAx0Y,51.54658,-0.08378,232
P-3pAx0Y,51.54658,-0.08393,233
P-3pAx0Y,51.54658,-0.08399,234
P-3pAx0Y,51.54656,-0.08438,235
P-3pAx0Y,51.54654,-0.08488,236
P-3pAx0Y,51.54653,-0.08528,237
P-3pAx0Y,51.54653,-0.08557,238
P-3pAx0Y,51.54653,-0.08569,239
P-3pAx0Y,51.54653,-0.0858,240
P-3pAx0Y,51.54653,-0.08594,241
P-3pAx0Y,51.54655,-0.0862,242
P-3pAx0Y,51.54655,-0.0862,243
P-3pAx0Y,51.54656,-0.08623,244
P-3pAx0Y,51.54657,-0.08642,245
P-3pAx0Y,51.54659,-0.08661,246
P-3pAx0Y,51.54662,-0.08683,247
P-3pAx0Y,51.54662,-0.08689,248
P-3pAx0Y,51.54663,-0.08708,249
P-3pAx0Y,51.54664,-0.0872,250
P-3pAx0Y,51.54665,-0.08726,251
P-3pAx0Y,51.54668,-0.08743,252
P-3pAx0Y,51.54669,-0.08749,253
P-3pAx0Y,51.54669,-0.08749,254
P-3pAx0Y,51.54672,-0.08768,255
P-3pAx0Y,51.54674,-0.08777,256
P-3pAx0Y,51.54677,-0.08795,257
P-3pAx0Y,51.5468,-0.08813,258
P-3pAx0Y,51.5468,-0.08819,259
P-3pAx0Y,51.54684,-0.08858,260
P-3pAx0Y,51.54687,-0.08896,261
P-3pAx0Y,51.54689,-0.08926,262
P-3pAx0Y,51.54694,-0.08991,263
P-3pAx0Y,51.54696,-0.09015,264
P-3pAx0Y,51.54697,-0.09022,265
P-3pAx0Y,51.54699,-0.09046,266
P-3pAx0Y,51.547,-0.09053,267
P-3pAx0Y,51.547,-0.09053,268
P-3pAx0Y,51.54704,-0.09108,269
P-3pAx0Y,51.54704,-0.09134,270
P-3pAx0Y,51.54709,-0.09198,271
P-3pAx0Y,51.54711,-0.09216,272
P-3pAx0Y,51.54715,-0.09239,273
P-3pAx0Y,51.54719,-0.09273,274
P-3pAx0Y,51.5472,-0.09287,275
P-3pAx0Y,51.54721,-0.09303,276
P-3pAx0Y,51.54721,-0.09347,277
P-3pAx0Y,51.5472,-0.09368,278
P-3pAx0Y,51.54719,-0.09409,279
P-3pAx0Y,51.54718,-0.0943,280
P-3pAx0Y,51.5472,-0.09495,281
P-3pAx0Y,51.5472,-0.09516,282
P-3pAx0Y,51.54722,-0.09536,283
P-3pAx0Y,51.54726,-0.09581,284
P-3pAx0Y,51.54729,-0.09635,285
P-3pAx0Y,51.54729,-0.09652,286
P-3pAx0Y,51.54728,-0.09669,287
P-3pAx0Y,51.54724,-0.09687,288
P-3pAx0Y,51.54716,-0.09716,289
P-3pAx0Y,51.54695,-0.09784,290
P-3pAx0Y,51.54689,-0.09805,291
P-3pAx0Y,51.54682,-0.09833,292
P-3pAx0Y,51.5468,-0.0984,293
P-3pAx0Y,51.54676,-0.09855,294
P-3pAx0Y,51.54675,-0.09859,295
P-3pAx0Y,51.54668,-0.09885,296
P-3pAx0Y,51.54667,-0.09891,297
P-3pAx0Y,51.54657,-0.0993,298
P-3pAx0Y,51.54656,-0.09936,299
P-3pAx0Y,51.54656,-0.09936,300
P-3pAx0Y,51.54631,-0.10041,301
P-3pAx0Y,51.5463,-0.10048,302
P-3pAx0Y,51.54625,-0.10073,303
P-3pAx0Y,51.54622,-0.10088,304
P-3pAx0Y,51.54621,-0.10096,305
P-3pAx0Y,51.54619,-0.10109,306
P-3pAx0Y,51.54617,-0.1013,307
P-3pAx0Y,51.54616,-0.10149,308
P-3pAx0Y,51.54616,-0.10151,309
P-3pAx0Y,51.54616,-0.10151,310
P-3pAx0Y,51.54616,-0.1016,311
P-3pAx0Y,51.54614,-0.10181,312
P-3pAx0Y,51.54614,-0.10194,313
P-3pAx0Y,51.54612,-0.10205,314
P-3pAx0Y,51.54609,-0.10212,315
P-3pAx0Y,51.54605,-0.10217,316
P-3pAx0Y,51.54601,-0.10222,317
P-3pAx0Y,51.54597,-0.10219,318
P-3pAx0Y,51.54592,-0.10218,319
P-3pAx0Y,51.54587,-0.10219,320
P-3pAx0Y,51.54585,-0.10219,321
P-3pAx0Y,51.54579,-0.10219,322
P-3pAx0Y,51.54571,-0.10219,323
P-3pAx0Y,51.54565,-0.10221,324
P-3pAx0Y,51.5456,-0.10223,325
P-3pAx0Y,51.54556,-0.10228,326
P-3pAx0Y,51.54553,-0.10234,327
P-3pAx0Y,51.54551,-0.10241,328
P-3pAx0Y,51.5455,-0.10249,329
P-3pAx0Y,51.54553,-0.10279,330
P-3pAx0Y,51.54555,-0.10289,331
P-3pAx0Y,51.54557,-0.10295,332
P-3pAx0Y,51.54559,-0.10301,333
P-3pAx0Y,51.54562,-0.10306,334
P-3pAx0Y,51.54565,-0.1031,335
P-3pAx0Y,51.54568,-0.10313,336
P-3pAx0Y,51.54571,-0.10314,337
P-3pAx0Y,51.54578,-0.10315,338
P-3pAx0Y,51.54584,-0.10316,339
P-3pAx0Y,51.5459,-0.10316,340
P-3pAx0Y,51.546,-0.10315,341
P-3pAx0Y,51.54604,-0.10316,342
P-3pAx0Y,51.54609,-0.10316,343
P-3pAx0Y,51.54613,-0.10318,344
P-3pAx0Y,51.54617,-0.1032,345
P-3pAx0Y,51.54621,-0.10322,346
P-3pAx0Y,51.54625,-0.10325,347
P-3pAx0Y,51.54629,-0.10329,348
P-3pAx0Y,51.54633,-0.10335,349
P-3pAx0Y,51.54647,-0.10363,350
P-3pAx0Y,51.54658,-0.10389,351
P-3pAx0Y,51.54661,-0.10395,352
P-3pAx0Y,51.54669,-0.10413,353
P-3pAx0Y,51.54675,-0.10426,354
P-3pAx0Y,51.54688,-0.10451,355
P-3pAx0Y,51.5469,-0.10455,356
P-3pAx0Y,51.54691,-0.10457,357
P-vwYJ3y,51.54675,-0.10426,0
P-vwYJ3y,51.54669,-0.10413,1
P-vwYJ3y,51.54661,-0.10395,2
P-vwYJ3y,51.54658,-0.10389,3
P-vwYJ3y,51.54647,-0.10363,4
P-vwYJ3y,51.54633,-0.10335,5
P-vwYJ3y,51.54631,-0.10329,6
P-vwYJ3y,51.54629,-0.10324,7
P-vwYJ3y,51.54624,-0.10312,8
P-vwYJ3y,51.5462,-0.10299,9
P-vwYJ3y,51.54618,-0.10293,10
P-vwYJ3y,51.54617,-0.10286,11
P-vwYJ3y,51.54612,-0.10244,12
P-vwYJ3y,51.54611,-0.1023,13
P-vwYJ3y,51.54613,-0.10211,14
P-vwYJ3y,51.54614,-0.10194,15
P-vwYJ3y,51.54614,-0.10181,16
P-vwYJ3y,51.54616,-0.1016,17
P-vwYJ3y,51.54616,-0.10149,18
P-vwYJ3y,51.54617,-0.1013,19
P-vwYJ3y,51.54619,-0.10109,20
P-vwYJ3y,51.54621,-0.10096,21
P-vwYJ3y,51.54622,-0.10088,22
P-vwYJ3y,51.54623,-0.10083,23
P-vwYJ3y,51.54623,-0.10083,24
P-vwYJ3y,51.54625,-0.10073,25
P-vwYJ3y,51.5463,-0.10048,26
P-vwYJ3y,51.54631,-0.10041,27
P-vwYJ3y,51.54657,-0.0993,28
P-vwYJ3y,51.54667,-0.09891,29
P-vwYJ3y,51.54668,-0.09885,30
P-vwYJ3y,51.54675,-0.09859,31
P-vwYJ3y,51.54676,-0.09855,32
P-vwYJ3y,51.5468,-0.0984,33
P-vwYJ3y,51.54682,-0.09833,34
P-vwYJ3y,51.54689,-0.09805,35
P-vwYJ3y,51.54695,-0.09784,36
P-vwYJ3y,51.54696,-0.0978,37
P-vwYJ3y,51.54696,-0.0978,38
P-vwYJ3y,51.54716,-0.09716,39
P-vwYJ3y,51.54724,-0.09687,40
P-vwYJ3y,51.54728,-0.09669,41
P-vwYJ3y,51.54729,-0.09652,42
P-vwYJ3y,51.54729,-0.09635,43
P-vwYJ3y,51.54726,-0.09581,44
P-vwYJ3y,51.54722,-0.09536,45
P-vwYJ3y,51.5472,-0.09516,46
P-vwYJ3y,51.5472,-0.09495,47
P-vwYJ3y,51.54718,-0.0943,48
P-vwYJ3y,51.54719,-0.09409,49
P-vwYJ3y,51.5472,-0.09368,50
P-vwYJ3y,51.54721,-0.09347,51
P-vwYJ3y,51.54721,-0.09303,52
P-vwYJ3y,51.5472,-0.09287,53
P-vwYJ3y,51.54719,-0.09273,54
P-vwYJ3y,51.54715,-0.09239,55
P-vwYJ3y,51.54716,-0.09215,56
P-vwYJ3y,51.54714,-0.09189,57
P-vwYJ3y,51.54709,-0.09133,58
P-vwYJ3y,51.54704,-0.09108,59
P-vwYJ3y,51.54699,-0.09046,60
P-vwYJ3y,51.54698,-0.0903,61
P-vwYJ3y,51.54698,-0.0903,62
P-vwYJ3y,51.54697,-0.09022,63
P-vwYJ3y,51.54696,-0.09015,64
P-vwYJ3y,51.54694,-0.08991,65
P-vwYJ3y,51.54689,-0.08926,66
P-vwYJ3y,51.54687,-0.08896,67
P-vwYJ3y,51.54684,-0.08858,68
P-vwYJ3y,51.5468,-0.08819,69
P-vwYJ3y,51.5468,-0.08813,70
P-vwYJ3y,51.54677,-0.08795,71
P-vwYJ3y,51.54674,-0.08779,72
P-vwYJ3y,51.54674,-0.08779,73
P-vwYJ3y,51.54674,-0.08777,74
P-vwYJ3y,51.54672,-0.08768,75
P-vwYJ3y,51.54668,-0.08743,76
P-vwYJ3y,51.54665,-0.08726,77
P-vwYJ3y,51.54664,-0.0872,78
P-vwYJ3y,51.54663,-0.08708,79
P-vwYJ3y,51.54662,-0.08689,80
P-vwYJ3y,51.54662,-0.08683,81
P-vwYJ3y,51.54659,-0.08661,82
P-vwYJ3y,51.54657,-0.08642,83
P-vwYJ3y,51.54656,-0.08623,84
P-vwYJ3y,51.54653,-0.08594,85
P-vwYJ3y,51.54653,-0.0858,86
P-vwYJ3y,51.54653,-0.08569,87
P-vwYJ3y,51.54653,-0.08557,88
P-vwYJ3y,51.54653,-0.08528,89
P-vwYJ3y,51.54654,-0.08488,90
P-vwYJ3y,51.54656,-0.08438,91
P-vwYJ3y,51.54656,-0.08438,92
P-vwYJ3y,51.54658,-0.08399,93
P-vwYJ3y,51.54658,-0.08393,94
P-vwYJ3y,51.54658,-0.08378,95
P-vwYJ3y,51.54659,-0.08364,96
P-vwYJ3y,51.54659,-0.08358,97
P-vwYJ3y,51.54659,-0.08353,98
P-vwYJ3y,51.54657,-0.08311,99
P-vwYJ3y,51.54655,-0.08283,100
P-vwYJ3y,51.54654,-0.08267,101
P-vwYJ3y,51.54659,-0.08266,102
P-vwYJ3y,51.54662,-0.08266,103
P-vwYJ3y,51.54665,-0.08264,104
P-vwYJ3y,51.54669,-0.08261,105
P-vwYJ3y,51.547,-0.08229,106
P-vwYJ3y,51.54708,-0.0822,107
P-vwYJ3y,51.54718,-0.08208,108
P-vwYJ3y,51.54728,-0.08195,109
P-vwYJ3y,51.54761,-0.08143,110
P-vwYJ3y,51.54825,-0.08046,111
P-vwYJ3y,51.5483,-0.08039,112
P-vwYJ3y,51.54834,-0.08033,113
P-vwYJ3y,51.54855,-0.08002,114
P-vwYJ3y,51.54862,-0.07991,115
P-vwYJ3y,51.54867,-0.07983,116
P-vwYJ3y,51.54877,-0.07966,117
P-vwYJ3y,51.54888,-0.07949,118
P-vwYJ3y,51.54898,-0.07932,119
P-vwYJ3y,51.54908,-0.07917,120
P-vwYJ3y,51.54925,-0.07891,121
P-vwYJ3y,51.54932,-0.07879,122
P-vwYJ3y,51.54933,-0.07874,123
P-vwYJ3y,51.54935,-0.07868,124
P-vwYJ3y,51.54935,-0.07861,125
P-vwYJ3y,51.54935,-0.07856,126
P-vwYJ3y,51.54935,-0.0785,127
P-vwYJ3y,51.54941,-0.07806,128
P-vwYJ3y,51.54944,-0.07787,129
P-vwYJ3y,51.54949,-0.07768,130
P-vwYJ3y,51.54958,-0.07741,131
P-vwYJ3y,51.54966,-0.07724,132
P-vwYJ3y,51.54993,-0.07675,133
P-vwYJ3y,51.55024,-0.07622,134
P-vwYJ3y,51.55025,-0.07618,135
P-vwYJ3y,51.55038,-0.07589,136
P-vwYJ3y,51.55039,-0.07587,137
P-vwYJ3y,51.55039,-0.07587,138
P-vwYJ3y,51.55042,-0.07577,139
P-vwYJ3y,51.55055,-0.07535,140
P-vwYJ3y,51.55062,-0.07512,141
P-vwYJ3y,51.55029,-0.07515,142
P-vwYJ3y,51.55009,-0.07517,143
P-vwYJ3y,51.55009,-0.07517,144
P-vwYJ3y,51.55008,-0.07517,145
P-vwYJ3y,51.55,-0.07518,146
P-vwYJ3y,51.54978,-0.07521,147
P-vwYJ3y,51.54918,-0.07529,148
P-vwYJ3y,51.54888,-0.07533,149
P-vwYJ3y,51.54883,-0.07533,150
P-vwYJ3y,51.54873,-0.07534,151
P-vwYJ3y,51.54873,-0.07534,152
P-vwYJ3y,51.54855,-0.07536,153
P-vwYJ3y,51.54846,-0.07537,154
P-vwYJ3y,51.54845,-0.07537,155
P-vwYJ3y,51.54811,-0.07542,156
P-vwYJ3y,51.54792,-0.07546,157
P-vwYJ3y,51.54777,-0.07548,158
P-vwYJ3y,51.5474,-0.07555,159
P-vwYJ3y,51.54732,-0.07556,160
P-vwYJ3y,51.5472,-0.0756,161
P-vwYJ3y,51.54708,-0.07562,162
P-vwYJ3y,51.5469,-0.07564,163
P-vwYJ3y,51.54667,-0.07565,164
P-vwYJ3y,51.54667,-0.07565,165
P-vwYJ3y,51.54665,-0.07565,166
P-vwYJ3y,51.5466,-0.07565,167
P-vwYJ3y,51.54638,-0.07565,168
P-vwYJ3y,51.54633,-0.07565,169
P-vwYJ3y,51.54617,-0.07565,170
P-vwYJ3y,51.54599,-0.07568,171
P-vwYJ3y,51.54582,-0.07572,172
P-vwYJ3y,51.54567,-0.07573,173
P-vwYJ3y,51.54555,-0.07576,174
P-vwYJ3y,51.54537,-0.0758,175
P-vwYJ3y,51.5453,-0.07582,176
P-vwYJ3y,51.54488,-0.07591,177
P-vwYJ3y,51.54477,-0.07593,178
P-vwYJ3y,51.54461,-0.076,179
P-vwYJ3y,51.54435,-0.07603,180
P-vwYJ3y,51.54431,-0.07603,181
P-vwYJ3y,51.541281,-0.076403,182
P-vwYJ3y,51.54104,-0.07647,183
P-vwYJ3y,51.541,-0.07647,184
P-vwYJ3y,51.54096,-0.07648,185
P-vwYJ3y,51.54083,-0.07651,186
P-vwYJ3y,51.54072,-0.07653,187
P-vwYJ3y,51.54069,-0.07653,188
P-vwYJ3y,51.54055,-0.07655,189
P-vwYJ3y,51.53947,-0.0767,190
P-vwYJ3y,51.53899,-0.0767,191
P-vwYJ3y,51.53881,-0.07671,192
P-vwYJ3y,51.53868,-0.07671,193
P-vwYJ3y,51.53852,-0.07672,194
P-vwYJ3y,51.53844,-0.07672,195
P-vwYJ3y,51.53842,-0.07672,196
P-vwYJ3y,51.53824,-0.07674,197
P-vwYJ3y,51.53818,-0.07674,198
P-vwYJ3y,51.53815,-0.07674,199
P-vwYJ3y,51.53815,-0.07674,200
P-vwYJ3y,51.53721,-0.07681,201
P-vwYJ3y,51.53701,-0.07683,202
P-vwYJ3y,51.53666,-0.07686,203
P-vwYJ3y,51.53658,-0.07687,204
P-vwYJ3y,51.53649,-0.07687,205
P-vwYJ3y,51.53641,-0.07687,206
P-vwYJ3y,51.53626,-0.07688,207
P-vwYJ3y,51.53605,-0.0769,208
P-vwYJ3y,51.53573,-0.07691,209
P-vwYJ3y,51.53552,-0.07692,210
P-vwYJ3y,51.53552,-0.07692,211
P-vwYJ3y,51.53533,-0.07692,212
P-vwYJ3y,51.5351,-0.07693,213
P-vwYJ3y,51.53462,-0.07697,214
P-vwYJ3y,51.53452,-0.07698,215
P-vwYJ3y,51.5344,-0.077,216
P-vwYJ3y,51.53415,-0.07702,217
P-vwYJ3y,51.53379,-0.07706,218
P-vwYJ3y,51.53379,-0.07706,219
P-vwYJ3y,51.53331,-0.07712,220
P-vwYJ3y,51.53327,-0.07712,221
P-vwYJ3y,51.53311,-0.07714,222
P-vwYJ3y,51.53293,-0.07714,223
P-vwYJ3y,51.53265,-0.07712,224
P-vwYJ3y,51.53245,-0.07709,225
P-vwYJ3y,51.53213,-0.07704,226
P-vwYJ3y,51.53204,-0.07703,227
P-vwYJ3y,51.53178,-0.07702,228
P-vwYJ3y,51.53139,-0.07705,229
P-vwYJ3y,51.53137,-0.07705,230
P-vwYJ3y,51.53137,-0.07705,231
P-vwYJ3y,51.53114,-0.07709,232
P-vwYJ3y,51.53104,-0.07711,233
P-vwYJ3y,51.5308,-0.07716,234
P-vwYJ3y,51.53069,-0.07718,235
P-vwYJ3y,51.53058,-0.0772,236
P-vwYJ3y,51.53041,-0.07723,237
P-vwYJ3y,51.53015,-0.0773,238
P-vwYJ3y,51.53005,-0.07733,239
P-vwYJ3y,51.52976,-0.07743,240
P-vwYJ3y,51.52965,-0.07747,241
P-vwYJ3y,51.52965,-0.07747,242
P-vwYJ3y,51.52949,-0.07753,243
P-vwYJ3y,51.52945,-0.07755,244
P-vwYJ3y,51.52933,-0.07761,245
P-vwYJ3y,51.52919,-0.07768,246
P-vwYJ3y,51.52904,-0.07776,247
P-vwYJ3y,51.52898,-0.07779,248
P-vwYJ3y,51.52877,-0.07786,249
P-vwYJ3y,51.52857,-0.07792,250
P-vwYJ3y,51.52829,-0.07794,251
P-vwYJ3y,51.52797,-0.07797,252
P-vwYJ3y,51.52795,-0.07797,253
P-vwYJ3y,51.52795,-0.07797,254
P-vwYJ3y,51.52759,-0.078,255
P-vwYJ3y,51.52736,-0.07804,256
P-vwYJ3y,51.52733,-0.07804,257
P-vwYJ3y,51.52718,-0.07806,258
P-vwYJ3y,51.52708,-0.07805,259
P-vwYJ3y,51.52673,-0.07802,260
P-vwYJ3y,51.52649,-0.07801,261
P-vwYJ3y,51.52628,-0.07802,262
P-vwYJ3y,51.5262,-0.078,263
P-vwYJ3y,51.52612,-0.07798,264
P-vwYJ3y,51.52601,-0.07791,265
P-vwYJ3y,51.52584,-0.07779,266
P-vwYJ3y,51.52569,-0.07769,267
P-vwYJ3y,51.52568,-0.07768,268
P-vwYJ3y,51.52562,-0.07764,269
P-vwYJ3y,51.52538,-0.07747,270
P-vwYJ3y,51.52522,-0.0774,271
P-vwYJ3y,51.52499,-0.07736,272
P-vwYJ3y,51.52498,-0.07736,273
P-vwYJ3y,51.52492,-0.07735,274
P-vwYJ3y,51.52476,-0.07731,275
P-vwYJ3y,51.52469,-0.0773,276
P-vwYJ3y,51.52462,-0.07728,277
P-vwYJ3y,51.52448,-0.07727,278
P-vwYJ3y,51.5244,-0.07725,279
P-vwYJ3y,51.52429,-0.07723,280
P-vwYJ3y,51.52394,-0.0772,281
P-vwYJ3y,51.52391,-0.0772,282
P-vwYJ3y,51.52387,-0.0772,283
P-vwYJ3y,51.5238,-0.0772,284
P-vwYJ3y,51.52374,-0.0772,285
P-vwYJ3y,51.52369,-0.0772,286
P-vwYJ3y,51.52364,-0.07722,287
P-vwYJ3y,51.52359,-0.07723,288
P-vwYJ3y,51.52353,-0.07726,289
P-vwYJ3y,51.52347,-0.07729,290
P-vwYJ3y,51.52319,-0.07744,291
P-vwYJ3y,51.52295,-0.07746,292
P-vwYJ3y,51.52292,-0.07746,293
P-vwYJ3y,51.52287,-0.07745,294
P-vwYJ3y,51.52283,-0.07744,295
P-vwYJ3y,51.5228,-0.07741,296
P-vwYJ3y,51.52275,-0.07737,297
P-vwYJ3y,51.52268,-0.0773,298
P-vwYJ3y,51.52255,-0.07712,299
P-vwYJ3y,51.52237,-0.07688,300
P-vwYJ3y,51.52226,-0.07674,301
P-vwYJ3y,51.52216,-0.07661,302
P-vwYJ3y,51.52212,-0.07655,303
P-vwYJ3y,51.52207,-0.07648,304
P-vwYJ3y,51.52203,-0.07643,305
P-vwYJ3y,51.5219,-0.07627,306
P-vwYJ3y,51.5219,-0.07627,307
P-vwYJ3y,51.52168,-0.07598,308
P-vwYJ3y,51.52147,-0.0757,309
P-vwYJ3y,51.52135,-0.07554,310
P-vwYJ3y,51.52123,-0.0754,311
P-vwYJ3y,51.52097,-0.07511,312
P-vwYJ3y,51.52071,-0.07484,313
P-vwYJ3y,51.52069,-0.07482,314
P-vwYJ3y,51.52057,-0.07471,315
P-vwYJ3y,51.52057,-0.07471,316
P-vwYJ3y,51.52048,-0.07462,317
P-vwYJ3y,51.52034,-0.0745,318
P-vwYJ3y,51.52021,-0.07446,319
P-vwYJ3y,51.52011,-0.07447,320
P-vwYJ3y,51.51982,-0.07447,321
P-vwYJ3y,51.51962,-0.07448,322
P-vwYJ3y,51.51935,-0.07448,323
P-vwYJ3y,51.51932,-0.07448,324
P-vwYJ3y,51.51924,-0.07448,325
P-vwYJ3y,51.51912,-0.07449,326
P-vwYJ3y,51.519,-0.07449,327
P-vwYJ3y,51.51887,-0.07449,328
P-vwYJ3y,51.51865,-0.07442,329
P-vwYJ3y,51.51863,-0.07442,330
P-vwYJ3y,51.51863,-0.07442,331
P-vwYJ3y,51.51854,-0.0744,332
P-vwYJ3y,51.51842,-0.07437,333
P-vwYJ3y,51.51834,-0.07432,334
P-vwYJ3y,51.51826,-0.07425,335
P-vwYJ3y,51.51812,-0.07418,336
P-vwYJ3y,51.51799,-0.07407,337
P-vwYJ3y,51.51789,-0.07398,338
P-vwYJ3y,51.51748,-0.07365,339
P-vwYJ3y,51.51735,-0.07354,340
P-vwYJ3y,51.51735,-0.07354,341
P-vwYJ3y,51.51698,-0.07325,342
P-vwYJ3y,51.51697,-0.07324,343
P-vwYJ3y,51.51695,-0.07322,344
P-vwYJ3y,51.51684,-0.07313,345
P-vwYJ3y,51.5167,-0.07302,346
P-vwYJ3y,51.51648,-0.07284,347
P-vwYJ3y,51.51638,-0.07274,348
P-vwYJ3y,51.51595,-0.0724,349
P-vwYJ3y,51.51585,-0.07232,350
P-vwYJ3y,51.51577,-0.07225,351
